Lease Number,Lease Name,Operator Name,Lease Link
953583,2 S OPERATING,"Iowa Park, TX 76367",https://www.texas-drilling.com/operators/2-s-operating/953583
953614,2 T PRODUCTION,"Bowie, TX 76230",https://www.texas-drilling.com/operators/2-t-production/953614
953667,2-C OPERATING,"Archer City, TX 76351",https://www.texas-drilling.com/operators/2-c-operating/953667
857690,3 & 1 TRUSTS,"Unknown, XX 99999",https://www.texas-drilling.com/operators/3-1-trusts/857690
953713,3 M LAND & CATTLE CO,"Archer City, TX 76351",https://www.texas-drilling.com/operators/3-m-land-cattle-co/953713
953798,"3 TEN RESOURCES, INC.","Fort Worth, TX 76116",https://www.texas-drilling.com/operators/3-ten-resources-inc/953798
857497,3-C,"Olney, TX 76374",https://www.texas-drilling.com/operators/3-c/857497
953618,"3-D LAND, OIL & GAS COMPANY","Wichita Falls, TX 76301",https://www.texas-drilling.com/operators/3-d-land-oil-gas-company/953618
953711,3-J FARMS,"Olney, TX 76374",https://www.texas-drilling.com/operators/3-j-farms/953711
857685,3-M OIL COMPANY,"Olney, TX 76374",https://www.texas-drilling.com/operators/3-m-oil-company/857685
953744,"3-R PRODUCTION, INC.","Jacksboro, TX 76458",https://www.texas-drilling.com/operators/3-r-production-inc/953744
953682,"3-T EXPLORATION, INC.","Wichita Falls, TX 76308",https://www.texas-drilling.com/operators/3-t-exploration-inc/953682
953793,3D PETROLEUM CORP.,"Norcross, GA 30092",https://www.texas-drilling.com/operators/3d-petroleum-corp/953793
953582,"3HP, INC.","Brownwood, TX 76804",https://www.texas-drilling.com/operators/3hp-inc/953582
953722,4-E OPERATING,"Archer City, TX 76351",https://www.texas-drilling.com/operators/4-e-operating/953722
953724,4-J OIL CO.,"Ryan, OK 73565",https://www.texas-drilling.com/operators/4-j-oil-co/953724
953790,4J OIL CO. LLC,"Ryan, OK 73565",https://www.texas-drilling.com/operators/4j-oil-co-llc/953790
953465,"5 G RESOURCES, LLC","Wichita Falls, TX 76308",https://www.texas-drilling.com/operators/5-g-resources-llc/953465
953792,5-S OPERATING,"Wichita Falls, TX 76308",https://www.texas-drilling.com/operators/5-s-operating/953792
953769,6 M OPERATING CO,"Archer City, TX 76351",https://www.texas-drilling.com/operators/6-m-operating-co/953769
000184,A & B MINERALS,"Scotland, TX 76379",https://www.texas-drilling.com/operators/a-b-minerals/000184
000208,A & B PRODUCTION,"Archer City, TX 76351",https://www.texas-drilling.com/operators/a-b-production/000208
000151,A A PRODUCTION INC.,"Midland, TX 79701",https://www.texas-drilling.com/operators/a-a-production-inc/000151
000142,A B ENERGY INC.,"Wichita Falls, TX 76301",https://www.texas-drilling.com/operators/a-b-energy-inc/000142
000193,"A.F.V. ENERGY, INC.","Dallas, TX 75202",https://www.texas-drilling.com/operators/a-f-v-energy-inc/000193
000118,AAA OIL TRUST,"Weatherford, TX 76088",https://www.texas-drilling.com/operators/aaa-oil-trust/000118
000919,ABB DRILLING COMPANY,"Wichita Falls, TX 76310",https://www.texas-drilling.com/operators/abb-drilling-company/000919
000920,"ABB DRILLING COMPANY, INC.","Wichita Falls, TX 76301",https://www.texas-drilling.com/operators/abb-drilling-company-inc/000920
000921,"ABB OIL CO., INC.","Wichita Falls, TX 76310",https://www.texas-drilling.com/operators/abb-oil-co-inc/000921
003640,ACA OIL CO.,"Graham, TX 76450",https://www.texas-drilling.com/operators/aca-oil-co/003640
003312,"ACADIA OIL, LLC","Wichita Falls, TX 76310",https://www.texas-drilling.com/operators/acadia-oil-llc/003312
003586,ACME OIL CO. OF ARCHER COUNTY,"Archer City, TX 76351",https://www.texas-drilling.com/operators/acme-oil-co-of-archer-county/003586
003750,ADA EXPLORATION,"Olney, TX 76374",https://www.texas-drilling.com/operators/ada-exploration/003750
003966,ADAIR RESOURCES INC.,"Ennis, TX 75120",https://www.texas-drilling.com/operators/adair-resources-inc/003966
007858,"ADDAX OPERATING, LLC","Wichita Falls, TX 76307",https://www.texas-drilling.com/operators/addax-operating-llc/007858
007868,"ADDISON - GRAVES, L.L.C.","Archer City, TX 76351",https://www.texas-drilling.com/operators/addison-graves-l-l-c/007868
007854,"ADDISON, KENNETH","Archer City, TX 76351",https://www.texas-drilling.com/operators/addison-kenneth/007854
007856,"ADDISON, LEON","Holliday, TX 76366",https://www.texas-drilling.com/operators/addison-leon/007856
008494,ADVANTAGE OIL COMPANY,"Wichita Falls, TX 76307",https://www.texas-drilling.com/operators/advantage-oil-company/008494
008572,AG OPERATING COMPANY LLC,"Monsey, NY 10952",https://www.texas-drilling.com/operators/ag-operating-company-llc/008572
009522,"AKEA, INC.","Holliday, TX 76366",https://www.texas-drilling.com/operators/akea-inc/009522
009583,AKINS OIL COMPANY,"Wichita Falls, TX 76302",https://www.texas-drilling.com/operators/akins-oil-company/009583
010069,ALAMO OPERATING CO.,"Alice, TX 78333",https://www.texas-drilling.com/operators/alamo-operating-co/010069
010071,"ALAMO OPERATING CO., INC.","Wichita Falls, TX 76302",https://www.texas-drilling.com/operators/alamo-operating-co-inc/010071
010078,ALAMOSA OPERATING COMPANY,"Fort Worth, TX 76102",https://www.texas-drilling.com/operators/alamosa-operating-company/010078
011204,ALCO OIL & GAS CO. LLC,"Wichita Falls, TX 76301",https://www.texas-drilling.com/operators/alco-oil-gas-co-llc/011204
011478,"ALCORN, JERRY D.","Grand Prairie, TX 75050",https://www.texas-drilling.com/operators/alcorn-jerry-d/011478
012374,"ALEXANDER, STANLEY","Electra, TX 76360",https://www.texas-drilling.com/operators/alexander-stanley/012374
014445,ALLIED OIL CO.,"Archer City, TX 76351",https://www.texas-drilling.com/operators/allied-oil-co/014445
014984,"ALLMON OPERATING CO., INC.","Lubbock, TX 79452",https://www.texas-drilling.com/operators/allmon-operating-co-inc/014984
015123,ALPHA EXPLORATION CO.,"Wichita Falls, TX 76309",https://www.texas-drilling.com/operators/alpha-exploration-co/015123
015728,"ALTEX RESOURCES, INC.","Carney, OK 74832",https://www.texas-drilling.com/operators/altex-resources-inc/015728
016563,AMARALA PETROLEUM INC.,"Amarillo, TX 79101",https://www.texas-drilling.com/operators/amarala-petroleum-inc/016563
016944,AMEN OIL LLC,"Graham, TX 76450",https://www.texas-drilling.com/operators/amen-oil-llc/016944
017970,AMERICAN EAGLE OPERATING LLC,"Gainesville, TX 76240",https://www.texas-drilling.com/operators/american-eagle-operating-llc/017970
018027,AMERICAN ENERGY GROUP INC.,"Austin, TX 78701",https://www.texas-drilling.com/operators/american-energy-group-inc/018027
018882,"AMERICAN PATRIOT OIL, LLC","Parker, CO 80134",https://www.texas-drilling.com/operators/american-patriot-oil-llc/018882
018900,AMERICAN PETROFINA CO. OF TEX.,"Dallas, TX 75221",https://www.texas-drilling.com/operators/american-petrofina-co-of-tex/018900
018909,AMERICAN PETROLEUM CORP.,"Addison, TX 75001",https://www.texas-drilling.com/operators/american-petroleum-corp/018909
019739,"AMERICAN WEST RESOURCES, INC","Fort Worth, TX 76161",https://www.texas-drilling.com/operators/american-west-resources-inc/019739
020105,AMINEX CORPORATION,"Dallas, TX 75214",https://www.texas-drilling.com/operators/aminex-corporation/020105
020535,"AMV OPERATING, INC.","Lawton, OK 73502",https://www.texas-drilling.com/operators/amv-operating-inc/020535
020591,"ANCHOR PETROLEUM, INC.","Lubbock, TX 79464",https://www.texas-drilling.com/operators/anchor-petroleum-inc/020591
022490,ANDERSON OIL & GAS ACCOUNT,"Wichita Falls, TX 76301",https://www.texas-drilling.com/operators/anderson-oil-gas-account/022490
020920,"ANDERSON, CARL T.","Wichita Falls, TX 76301",https://www.texas-drilling.com/operators/anderson-carl-t/020920
025135,"ANDREWS OPERATING, INC.","Graham, TX 76450",https://www.texas-drilling.com/operators/andrews-operating-inc/025135
024310,"ANDREWS, B. C.","Graham, TX 76450",https://www.texas-drilling.com/operators/andrews-b-c/024310
025285,"ANDREWS, GARY","Megargel, TX 76370",https://www.texas-drilling.com/operators/andrews-gary/025285
025615,ANN G OPERATING CO.,"Electra, TX 76360",https://www.texas-drilling.com/operators/ann-g-operating-co/025615
026646,"ANTLE OPERATING, INC.","Graham, TX 76450",https://www.texas-drilling.com/operators/antle-operating-inc/026646
027237,APACHE PRODUCTION COMPANY,"Holliday, TX 76366",https://www.texas-drilling.com/operators/apache-production-company/027237
027456,APEX ENERGY CORPORATION,"Dallas, TX 75225",https://www.texas-drilling.com/operators/apex-energy-corporation/027456
028880,ARCHER DRILLING & PROD. CO.,"Archer City, TX 76351",https://www.texas-drilling.com/operators/archer-drilling-prod-co/028880
029370,ARCOOIL CORP,"San Antonio, TX 78205",https://www.texas-drilling.com/operators/arcooil-corp/029370
029590,"ARENAS PETROLEUM, INC.","Dallas, TX 75367",https://www.texas-drilling.com/operators/arenas-petroleum-inc/029590
030128,"ARIES OPERATING, LP","Houston, TX 77042",https://www.texas-drilling.com/operators/aries-operating-lp/030128
030576,"ARK-LA-TEX OIL AND GAS, INC.","Wichita Falls, TX 76307",https://www.texas-drilling.com/operators/ark-la-tex-oil-and-gas-inc/030576
030815,ARLEDGE OIL & GAS CORPORATION,"Weatherford, TX 76086",https://www.texas-drilling.com/operators/arledge-oil-gas-corporation/030815
031915,"ARMOUR, WIDD","Wichita Falls, TX 76308",https://www.texas-drilling.com/operators/armour-widd/031915
033518,ARROWHEAD EXPLORATION COMPANY,"Olney, TX 76374",https://www.texas-drilling.com/operators/arrowhead-exploration-company/033518
033742,"ARTHUR OIL & INVESTMENTS, L.L.C.","Shreveport, LA 71134",https://www.texas-drilling.com/operators/arthur-oil-investments-l-l-c/033742
033762,"ARUBA PETROLEUM, INC.","Dallas, TX 75379",https://www.texas-drilling.com/operators/aruba-petroleum-inc/033762
034242,ASHER PRODUCTION CORPORATION,"Fort Worth, TX 76107",https://www.texas-drilling.com/operators/asher-production-corporation/034242
035305,"ASHTON, J. S. OIL COMPANY","Archer City, TX 76351",https://www.texas-drilling.com/operators/ashton-j-s-oil-company/035305
035575,ASSOCIATED OPERATING & EXPLOR.,"Dallas, TX 75243",https://www.texas-drilling.com/operators/associated-operating-explor/035575
036020,"ATCHLEY, B. M.","Archer City, TX 76351",https://www.texas-drilling.com/operators/atchley-b-m/036020
036587,ATLAS OPERATING LLC,"Houston, TX 77056",https://www.texas-drilling.com/operators/atlas-operating-llc/036587
036599,ATMOS PIPELINE - TEXAS,"Dallas, TX 75240",https://www.texas-drilling.com/operators/atmos-pipeline-texas/036599
036606,"ATOKA OPERATING, INC.","Gainesville, TX 76241",https://www.texas-drilling.com/operators/atoka-operating-inc/036606
036616,"ATOLL OIL & GAS, INC.","Dallas, TX 75206",https://www.texas-drilling.com/operators/atoll-oil-gas-inc/036616
036930,AUSANKA OIL OPERATIONS,"Wichita Falls, TX 76308",https://www.texas-drilling.com/operators/ausanka-oil-operations/036930
037045,"AUSTEX ENERGY CO, INC","Fort Worth, TX 76107",https://www.texas-drilling.com/operators/austex-energy-co-inc/037045
037103,"AUSTIN ENERGY OPERATIONS, INC.","Corpus Chrsti, TX 78410",https://www.texas-drilling.com/operators/austin-energy-operations-inc/037103
037102,"AUSTIN, DANNY L.","Bowie, TX 76230",https://www.texas-drilling.com/operators/austin-danny-l/037102
037860,"AUTRY, BRUCE","Olney, TX 76374",https://www.texas-drilling.com/operators/autry-bruce/037860
037877,"AVAD OPERATING, LLC","Dallas, TX 75201",https://www.texas-drilling.com/operators/avad-operating-llc/037877
038720,AVOCA PETROLEUM CORPORATION,"Plano, TX 75086",https://www.texas-drilling.com/operators/avoca-petroleum-corporation/038720
039136,AXIS ENERGY CORPORATION,"Roswell, NM 88202",https://www.texas-drilling.com/operators/axis-energy-corporation/039136
039525,AYERS & BURCH,"Wichita Falls, TX 76301",https://www.texas-drilling.com/operators/ayers-burch/039525
039528,"AYRES, C. D.","Iowa Park, TX 76367",https://www.texas-drilling.com/operators/ayres-c-d/039528
039590,"AYRES, JOE D.","Holliday, TX 76366",https://www.texas-drilling.com/operators/ayres-joe-d/039590
039595,"AYRES, JOE D. EST.","Wichita Falls, TX 76310",https://www.texas-drilling.com/operators/ayres-joe-d-est/039595
039597,"AYRES, PERRY L.","Iowa Park, TX 76367",https://www.texas-drilling.com/operators/ayres-perry-l/039597
039688,"AZTEC ENERGY, LLC","Wichita Falls, TX 76301",https://www.texas-drilling.com/operators/aztec-energy-llc/039688
039715,"AZTEC OIL & GAS COMPANY ""A""","Wichita Falls, TX 76309",https://www.texas-drilling.com/operators/aztec-oil-gas-company-a/039715
040195,B & C OIL COMPANY (I),"Lubbock, TX 79416",https://www.texas-drilling.com/operators/b-c-oil-company-i/040195
040783,B & M PRODUCTION,"Olney, TX 76374",https://www.texas-drilling.com/operators/b-m-production/040783
040765,"B & N PETROLEUM, INC.","Longview, TX 75606",https://www.texas-drilling.com/operators/b-n-petroleum-inc/040765
041157,B & R OILFIELD SERVICE CO.,"Holliday, TX 76366",https://www.texas-drilling.com/operators/b-r-oilfield-service-co/041157
041967,"B & V ROCKING S, LLC","Holliday, TX 76366",https://www.texas-drilling.com/operators/b-v-rocking-s-llc/041967
042163,B & W OPERATING CO.,"Iowa Park, TX 76367",https://www.texas-drilling.com/operators/b-w-operating-co/042163
040752,B M OIL COMPANY,"Olney, TX 76374",https://www.texas-drilling.com/operators/b-m-oil-company/040752
040750,B. M. &M. OIL CO.,"Megargel, TX 76370",https://www.texas-drilling.com/operators/b-m-m-oil-co/040750
041400,B. R. J. CO.,"Olney, TX 76374",https://www.texas-drilling.com/operators/b-r-j-co/041400
042179,"B. W. OIL & GAS, INC.","Amarillo, TX 79109",https://www.texas-drilling.com/operators/b-w-oil-gas-inc/042179
040396,B.E.G. PRODUCTION,"Iowa Park, TX 76367",https://www.texas-drilling.com/operators/b-e-g-production/040396
014804,"B.O.L.D. OIL AND GAS, LLC","Graham, TX 76450",https://www.texas-drilling.com/operators/b-o-l-d-oil-and-gas-llc/014804
041866,B.W. OIL & GAS,"Mineral Wells, TX 76067",https://www.texas-drilling.com/operators/b-w-oil-gas/041866
042443,BAEN-MOORE OIL & GAS CO.,"Dallas, TX 75248",https://www.texas-drilling.com/operators/baen-moore-oil-gas-co/042443
044261,"BAIR-LEE OIL CO., INC.","Wichita Falls, TX 76301",https://www.texas-drilling.com/operators/bair-lee-oil-co-inc/044261
047550,BALDWIN & KLEIN CORP.,"Dallas, TX 75261",https://www.texas-drilling.com/operators/baldwin-klein-corp/047550
048403,BANKHEAD OPERATING CORP.,"Wichita Falls, TX 76307",https://www.texas-drilling.com/operators/bankhead-operating-corp/048403
048539,BANNER OIL & GAS LLC,"Oklahoma City, OK 73159",https://www.texas-drilling.com/operators/banner-oil-gas-llc/048539
049740,"BAR H PRODUCTION, INC.","Wichita Falls, TX 76301",https://www.texas-drilling.com/operators/bar-h-production-inc/049740
049763,BAR OPERATING PRODUCTION CO.,"Abilene, TX 79604",https://www.texas-drilling.com/operators/bar-operating-production-co/049763
051290,"BARNETT ENERGY, INC.","The Colony, TX 75056",https://www.texas-drilling.com/operators/barnett-energy-inc/051290
050854,"BARNETT OPERATING, INC.","Wichita Falls, TX 76308",https://www.texas-drilling.com/operators/barnett-operating-inc/050854
052969,BARON ENERGY INC.,"San Marcos, TX 78666",https://www.texas-drilling.com/operators/baron-energy-inc/052969
053300,BARRON ENERGY CORPORATION,"San Antonio, TX 78205",https://www.texas-drilling.com/operators/barron-energy-corporation/053300
053321,BARROW-SHAVER RESOURCES CO.,"Tyler, TX 75703",https://www.texas-drilling.com/operators/barrow-shaver-resources-co/053321
055145,"BASTROP OIL & GAS, INC.","Wichita Falls, TX 76301",https://www.texas-drilling.com/operators/bastrop-oil-gas-inc/055145
056375,"BATTEN, C & S OIL CO.","Olney, TX 76374",https://www.texas-drilling.com/operators/batten-c-s-oil-co/056375
058875,BAYTIDE PETR. INC.,"Tulsa, OK 74103",https://www.texas-drilling.com/operators/baytide-petr-inc/058875
061000,BEAVER OIL COMPANY,"Holliday, TX 76366",https://www.texas-drilling.com/operators/beaver-oil-company/061000
061851,"BEISCH & HANNA, INC.","Windthorst, TX 76389",https://www.texas-drilling.com/operators/beisch-hanna-inc/061851
061955,"BEISCH, RUSTY","Windthorst, TX 76389",https://www.texas-drilling.com/operators/beisch-rusty/061955
063477,BELL OPERATING COMPANY,"Wichita Falls, TX 76308",https://www.texas-drilling.com/operators/bell-operating-company/063477
064106,BENCO,"Kermit, TX 79745",https://www.texas-drilling.com/operators/benco/064106
065315,BENNETT PRODUCTION CORPORATION,"Bowie, TX 76230",https://www.texas-drilling.com/operators/bennett-production-corporation/065315
064400,"BENNETT, A. E.","Graham, TX 76450",https://www.texas-drilling.com/operators/bennett-a-e/064400
066010,"BENTLEY, CHARLES H.","Wichita Falls, TX 76307",https://www.texas-drilling.com/operators/bentley-charles-h/066010
066750,BEREN CORPORATION,"Wichita, KS 67206",https://www.texas-drilling.com/operators/beren-corporation/066750
068095,"BERRY, GUS","Okmulgee, OK 74447",https://www.texas-drilling.com/operators/berry-gus/068095
068160,"BERRY, RICHARD B.","Dallas, TX 75287",https://www.texas-drilling.com/operators/berry-richard-b/068160
068306,BETA OPERATING CO.,"College Sta, TX 77842",https://www.texas-drilling.com/operators/beta-operating-co/068306
068360,"BETTIS, BOYLE & STOVALL","Graham, TX 76450",https://www.texas-drilling.com/operators/bettis-boyle-stovall/068360
068405,BETWELL OIL & GAS COMPANY,"Hialeah, FL 33002",https://www.texas-drilling.com/operators/betwell-oil-gas-company/068405
068580,BHB OPERATING INC.,"Fort Worth, TX 76137",https://www.texas-drilling.com/operators/bhb-operating-inc/068580
069061,BIFFLE OPERATING LLC,"Muenster, TX 76252",https://www.texas-drilling.com/operators/biffle-operating-llc/069061
069066,"BIFFLE, JIMMY JACK","Muenster, TX 76252",https://www.texas-drilling.com/operators/biffle-jimmy-jack/069066
069174,BIG C OIL CO.,"Wichita Falls, TX 76310",https://www.texas-drilling.com/operators/big-c-oil-co/069174
070075,BIG ROCK OIL LLC,"Frisco, TX 75034",https://www.texas-drilling.com/operators/big-rock-oil-llc/070075
070370,BIG RUN PRODUCTION COMPANY,"Tyler, TX 75701",https://www.texas-drilling.com/operators/big-run-production-company/070370
070373,BIG SANDY OIL INC.,"Manchaca, TX 78652",https://www.texas-drilling.com/operators/big-sandy-oil-inc/070373
072290,"BIRDWELL, J. W.","Kamay, TX 76369",https://www.texas-drilling.com/operators/birdwell-j-w/072290
072401,BIRGE OIL CO.,"Wichita Falls, TX 76302",https://www.texas-drilling.com/operators/birge-oil-co/072401
072398,"BIRGE, DONALD","Wichita Falls, TX 76302",https://www.texas-drilling.com/operators/birge-donald/072398
072529,BISHOP AND BISHOP,"Megargel, TX 76370",https://www.texas-drilling.com/operators/bishop-and-bishop/072529
072520,"BISHOP, GARLAND","Unknown, XX 99999",https://www.texas-drilling.com/operators/bishop-garland/072520
100226,Bitter Creek LLC,"Graham, TX 76450",https://www.texas-drilling.com/operators/bitter-creek-llc/100226
072526,BKJ OIL CO.,"Archer City, TX 76351",https://www.texas-drilling.com/operators/bkj-oil-co/072526
072522,"BKJ OIL, LLC","Graham, TX 76450",https://www.texas-drilling.com/operators/bkj-oil-llc/072522
073637,BLACK GOLD ENERGY,"Graham, TX 76450",https://www.texas-drilling.com/operators/black-gold-energy/073637
072718,BLACK PEARL ENERGY LLC,"Houston, TX 77056",https://www.texas-drilling.com/operators/black-pearl-energy-llc/072718
072713,"BLACK PEARL OPERATING COMP., LLC","Houston, TX 77057",https://www.texas-drilling.com/operators/black-pearl-operating-comp-llc/072713
101595,Blackflat Oil Company LLC,"Lubbock, TX 79424",https://www.texas-drilling.com/operators/blackflat-oil-company-llc/101595
073320,"BLACKTHORNE OIL & GAS, INC.","Wichita Falls, TX 76307",https://www.texas-drilling.com/operators/blackthorne-oil-gas-inc/073320
074560,"BLAKEMORE, INC.","Richardson, TX 75080",https://www.texas-drilling.com/operators/blakemore-inc/074560
074563,"BLAKENERGY OPERATING, LLC","Spring, TX 77386",https://www.texas-drilling.com/operators/blakenergy-operating-llc/074563
075668,"BLEDSCO, INC.","Holliday, TX 76366",https://www.texas-drilling.com/operators/bledsco-inc/075668
076385,"BLS PRODUCTION CO., INC.","Wichita Falls, TX 76308",https://www.texas-drilling.com/operators/bls-production-co-inc/076385
076764,BLUE RIVER EXPLORATION LLC,"Murfreesboro, TN 37130",https://www.texas-drilling.com/operators/blue-river-exploration-llc/076764
076837,BLUEBONNET LAND & CATTLE CO.,"Graham, TX 76450",https://www.texas-drilling.com/operators/bluebonnet-land-cattle-co/076837
076848,"BLUEGRASS ENERGY, INC.","Tulsa, OK 74137",https://www.texas-drilling.com/operators/bluegrass-energy-inc/076848
077535,"BM OIL COMPANY, LLC","Olney, TX 76374",https://www.texas-drilling.com/operators/bm-oil-company-llc/077535
040639,"BMBD ENTERPRISES, LLC","Iowa Park, TX 76367",https://www.texas-drilling.com/operators/bmbd-enterprises-llc/040639
078034,"BOAZ ENERGY, LLC","Midland, TX 79710",https://www.texas-drilling.com/operators/boaz-energy-llc/078034
078392,"BOGAN, JACK W.","Henrietta, TX 76365",https://www.texas-drilling.com/operators/bogan-jack-w/078392
081090,BOLIN OIL COMPANY,"Wichita Falls, TX 76308",https://www.texas-drilling.com/operators/bolin-oil-company/081090
080398,"BOLIN, C. W.","Wichita Falls, TX 76301",https://www.texas-drilling.com/operators/bolin-c-w/080398
080410,"BOLIN, D. H.","Wichita Falls, TX 76301",https://www.texas-drilling.com/operators/bolin-d-h/080410
082443,BONFIRE OPERATING LLC,"Cresson, TX 76035",https://www.texas-drilling.com/operators/bonfire-operating-llc/082443
082667,"BOONE RANCH 8, INC.","Graham, TX 76450",https://www.texas-drilling.com/operators/boone-ranch-8-inc/082667
082972,BOPS PRODUCTION,"Megargel, TX 76370",https://www.texas-drilling.com/operators/bops-production/082972
082999,BORDERLINE OPERATING CORP.,"Graham, TX 76450",https://www.texas-drilling.com/operators/borderline-operating-corp/082999
083041,"BORDERS, DELBERT L. INC.","Wichita Falls, TX 76307",https://www.texas-drilling.com/operators/borders-delbert-l-inc/083041
084094,BOWERS SIGNS,"Graham, TX 76450",https://www.texas-drilling.com/operators/bowers-signs/084094
084097,"BOWLES ENERGY, INC.","Longview, TX 75601",https://www.texas-drilling.com/operators/bowles-energy-inc/084097
084600,"BOYD, DICK","Olney, TX 76374",https://www.texas-drilling.com/operators/boyd-dick/084600
085013,BOYDSTON & MOORE,"Graham, TX 76450",https://www.texas-drilling.com/operators/boydston-moore/085013
087320,"BRADLEY, JOHN W.","Wichita Falls, TX 76308",https://www.texas-drilling.com/operators/bradley-john-w/087320
087325,"BRADLEY, JOHN W. INC.","Wichita Falls, TX 76301",https://www.texas-drilling.com/operators/bradley-john-w-inc/087325
088564,"BRAHMAN OPERATING, L.L.C.","Graham, TX 76450",https://www.texas-drilling.com/operators/brahman-operating-l-l-c/088564
088609,BRANCH PRODUCTIONS,"Graham, TX 76450",https://www.texas-drilling.com/operators/branch-productions/088609
088621,"BRANDES PETROLEUM, B.P.C.,INC.","Dallas, TX 75240",https://www.texas-drilling.com/operators/brandes-petroleum-b-p-c-inc/088621
088670,"BRANNON, M. J.","Fort Worth, TX 76110",https://www.texas-drilling.com/operators/brannon-m-j/088670
089933,BRAZOS OIL PROPERTIES,"Burkburnett, TX 76354",https://www.texas-drilling.com/operators/brazos-oil-properties/089933
089939,"BRAZOS PETROLEUM, INC.","Graham, TX 76450",https://www.texas-drilling.com/operators/brazos-petroleum-inc/089939
090850,"BREWER, R. C. JR.","Wichita Falls, TX 76309",https://www.texas-drilling.com/operators/brewer-r-c-jr/090850
092480,BRIDWELL OIL CO.,"Wichita Falls, TX 76307",https://www.texas-drilling.com/operators/bridwell-oil-co/092480
092594,"BRIGGS & CROKER OIL, LLC","Wichita Falls, TX 76308",https://www.texas-drilling.com/operators/briggs-croker-oil-llc/092594
092800,"BRIGHAM OIL & GAS, L.P.","Austin, TX 78730",https://www.texas-drilling.com/operators/brigham-oil-gas-l-p/092800
093338,"BRIGHTMAN, TOM","Graham, TX 76450",https://www.texas-drilling.com/operators/brightman-tom/093338
093451,"BRISCOE, GLENN D.","Jacksboro, TX 76458",https://www.texas-drilling.com/operators/briscoe-glenn-d/093451
093495,"BRISCOE, L.","Holliday, TX 76366",https://www.texas-drilling.com/operators/briscoe-l/093495
094540,"BRITTON, JERALD C.","Graham, TX 76450",https://www.texas-drilling.com/operators/britton-jerald-c/094540
094747,BROADWAY ENERGY COMPANY INC.,"Dallas, TX 75381",https://www.texas-drilling.com/operators/broadway-energy-company-inc/094747
095025,BROCK & STRANGE,"Holliday, TX 76366",https://www.texas-drilling.com/operators/brock-strange/095025
095020,BROCK AND ASHTON DEVELOPMENT CO.,"Archer City, TX 76351",https://www.texas-drilling.com/operators/brock-and-ashton-development-co/095020
095330,"BROCK INDUSTRIES, INC.","Pilot Point, TX 76258",https://www.texas-drilling.com/operators/brock-industries-inc/095330
095375,"BROCK, JOE WAYNE","N Richlnd HLS, TX 76180",https://www.texas-drilling.com/operators/brock-joe-wayne/095375
095560,"BROCK, LEO OPERATING COMPANY","Wichita Falls, TX 76301",https://www.texas-drilling.com/operators/brock-leo-operating-company/095560
096220,BRODAY & TITTLE,"Wichita Falls, TX 76301",https://www.texas-drilling.com/operators/broday-tittle/096220
096672,BROMAN OIL & GAS LP,"Fort Worth, TX 76102",https://www.texas-drilling.com/operators/broman-oil-gas-lp/096672
097494,"BROWER OIL & GAS CO., INC.","Graham, TX 76450",https://www.texas-drilling.com/operators/brower-oil-gas-co-inc/097494
097515,BROWN & JONES OIL CO.,"Olney, TX 76374",https://www.texas-drilling.com/operators/brown-jones-oil-co/097515
101350,BROWN OIL COMPANY,"Olney, TX 76374",https://www.texas-drilling.com/operators/brown-oil-company/101350
097925,"BROWN, BOBBY","Wichita Falls, TX 76301",https://www.texas-drilling.com/operators/brown-bobby/097925
100125,"BROWN, GREG OIL & GAS DEV. CO.","Unknown, XX 99999",https://www.texas-drilling.com/operators/brown-greg-oil-gas-dev-co/100125
102580,"BROWN, TOSS H.","Lubbock, TX 79408",https://www.texas-drilling.com/operators/brown-toss-h/102580
102911,BROWNING & TERRY,"Archer City, TX 76351",https://www.texas-drilling.com/operators/browning-terry/102911
103086,BROWNING-BROWN OIL,"Archer City, TX 76351",https://www.texas-drilling.com/operators/browning-brown-oil/103086
103425,BRUCE OPERATING ACCOUNT,"Graham, TX 76450",https://www.texas-drilling.com/operators/bruce-operating-account/103425
103695,"BRUMBELOW, RONNY L.","Wichita Falls, TX 76306",https://www.texas-drilling.com/operators/brumbelow-ronny-l/103695
103900,"BRUNER OIL & GAS, INC.","Fischer, TX 78623",https://www.texas-drilling.com/operators/bruner-oil-gas-inc/103900
105190,"BUCHANAN, WAYMAN W.","San Antonio, TX 78212",https://www.texas-drilling.com/operators/buchanan-wayman-w/105190
105950,"BUCKALEW, DON","Olney, TX 76374",https://www.texas-drilling.com/operators/buckalew-don/105950
106333,"BUD'S DRILLING COMPANY, INC.","Brookshire, TX 77423",https://www.texas-drilling.com/operators/bud-s-drilling-company-inc/106333
106215,BUDCO,"Olney, TX 76374",https://www.texas-drilling.com/operators/budco/106215
106510,BULLET DRILLING COMPANY,"Graham, TX 76450",https://www.texas-drilling.com/operators/bullet-drilling-company/106510
106640,"BULLOCK, J. R.","Newcastle, TX 76372",https://www.texas-drilling.com/operators/bullock-j-r/106640
106550,"BULLOCK, R.","Newcastle, TX 76372",https://www.texas-drilling.com/operators/bullock-r/106550
102061,"BULWARK OIL & GAS, LLC","Graham, TX 76450",https://www.texas-drilling.com/operators/bulwark-oil-gas-llc/102061
108095,"BURGESS, HAWKINS & WYNN","Wichita Falls, TX 76308",https://www.texas-drilling.com/operators/burgess-hawkins-wynn/108095
108650,"BURGUNDY OIL & GAS, INC.","Midland, TX 79701",https://www.texas-drilling.com/operators/burgundy-oil-gas-inc/108650
108799,"BURK ROYALTY CO., LTD.","Wichita Falls, TX 76308",https://www.texas-drilling.com/operators/burk-royalty-co-ltd/108799
108800,BURK ROYALTY COMPANY,"Wichita Falls, TX 76308",https://www.texas-drilling.com/operators/burk-royalty-company/108800
108905,BURKETT OIL CO.,"Burkett, TX 76828",https://www.texas-drilling.com/operators/burkett-oil-co/108905
108910,"BURKETT OPERATING CO., THE","Archer City, TX 76351",https://www.texas-drilling.com/operators/burkett-operating-co-the/108910
108970,"BURKETT, J. D.","Archer City, TX 76351",https://www.texas-drilling.com/operators/burkett-j-d/108970
108885,BURKETT-ADAMS COMPANY,"Archer City, TX 76351",https://www.texas-drilling.com/operators/burkett-adams-company/108885
111013,BURNS OPERATING,"Wichita Falls, TX 76307",https://www.texas-drilling.com/operators/burns-operating/111013
111009,BURNS OPERATING LLC,"Wichita Falls, TX 76307",https://www.texas-drilling.com/operators/burns-operating-llc/111009
111017,BURNS PETROLEUM,"Wichita Falls, TX 76307",https://www.texas-drilling.com/operators/burns-petroleum/111017
111040,BURNS TRUST #2,"Unknown, XX 99999",https://www.texas-drilling.com/operators/burns-trust-2/111040
111010,"BURNS, L. T. ESTATE","Unknown, XX 99999",https://www.texas-drilling.com/operators/burns-l-t-estate/111010
111070,"BURNS, P. C.","Wichita Falls, TX 76308",https://www.texas-drilling.com/operators/burns-p-c/111070
111016,BURNS-MOORE OIL COMPANY,"Addison, TX 75001",https://www.texas-drilling.com/operators/burns-moore-oil-company/111016
112582,BUSH OPERATING,"Archer City, TX 76351",https://www.texas-drilling.com/operators/bush-operating/112582
112678,"BUSSEY, NANCY K.","Archer City, TX 76351",https://www.texas-drilling.com/operators/bussey-nancy-k/112678
113475,"BUTLER, TERRY M.","Wichita Falls, TX 76301",https://www.texas-drilling.com/operators/butler-terry-m/113475
115262,"BUTTERWORTH, JAMES","Canada, 00100",https://www.texas-drilling.com/operators/butterworth-james/115262
119810,"BYRNE, T. D.","Archer City, TX 76351",https://www.texas-drilling.com/operators/byrne-t-d/119810
119834,BYTEX OIL CO. A&B,"Olney, IL 62450",https://www.texas-drilling.com/operators/bytex-oil-co-a-b/119834
119836,BYTEX OIL COMPANY,"Midland, TX 79708",https://www.texas-drilling.com/operators/bytex-oil-company/119836
120087,C & J MATLOCK OIL,"Windthorst, TX 76389",https://www.texas-drilling.com/operators/c-j-matlock-oil/120087
120591,C & M OIL PROPERTIES,"Graham, TX 76450",https://www.texas-drilling.com/operators/c-m-oil-properties/120591
121035,C & S CHAMBERS OIL,"Olney, TX 76374",https://www.texas-drilling.com/operators/c-s-chambers-oil/121035
119833,C.B. OPERATING COMPANY,"Graham, TX 76450",https://www.texas-drilling.com/operators/c-b-operating-company/119833
120499,C.J. OIL COMPANY,"Iowa Park, TX 76367",https://www.texas-drilling.com/operators/c-j-oil-company/120499
121215,"CA-TEX DRILLING, INC.","Wichita Falls, TX 76307",https://www.texas-drilling.com/operators/ca-tex-drilling-inc/121215
121217,"CA-TEX PETROLEUM, INC.","Houston, TX 77058",https://www.texas-drilling.com/operators/ca-tex-petroleum-inc/121217
123587,CALC-ARENITIC,"Olney, TX 76374",https://www.texas-drilling.com/operators/calc-arenitic/123587
126800,CAMCO DEVELOPMENT CO,"Fort Worth, TX 76109",https://www.texas-drilling.com/operators/camco-development-co/126800
126898,CAMEO DRILLING & OPERATING CO.,"Wichita Falls, TX 76309",https://www.texas-drilling.com/operators/cameo-drilling-operating-co/126898
127245,CAMINO CORPORATION,"Dallas, TX 75204",https://www.texas-drilling.com/operators/camino-corporation/127245
128531,CAMPBELL OIL CO.,"New Richmond, OH 45157",https://www.texas-drilling.com/operators/campbell-oil-co/128531
128550,"CAMPBELL, ROBERT F. JR.","Wichita Falls, TX 76301",https://www.texas-drilling.com/operators/campbell-robert-f-jr/128550
128542,"CAMPBELL, W., OPERATING","Archer City, TX 76351",https://www.texas-drilling.com/operators/campbell-w-operating/128542
129000,CANAN OIL & GAS,"Wichita Falls, TX 76301",https://www.texas-drilling.com/operators/canan-oil-gas/129000
128979,"CANAN OPERATING, INC.","Wichita Falls, TX 76308",https://www.texas-drilling.com/operators/canan-operating-inc/128979
128990,"CANAN, THOMAS C.","Wichita Falls, TX 76301",https://www.texas-drilling.com/operators/canan-thomas-c/128990
129480,CANON OIL AND GAS,"Texarkana, TX 75505",https://www.texas-drilling.com/operators/canon-oil-and-gas/129480
129725,CANTRELL OIL CO.,"Elbert, TX 76359",https://www.texas-drilling.com/operators/cantrell-oil-co/129725
129922,"CANUSA ENERGY, INC.","Houston, TX 77074",https://www.texas-drilling.com/operators/canusa-energy-inc/129922
130021,CANYON REEF BRINE LLC,"Snyder, TX 79550",https://www.texas-drilling.com/operators/canyon-reef-brine-llc/130021
130351,"CAPCO RESOURCES OF TEXAS, INC","Irving, TX 75063",https://www.texas-drilling.com/operators/capco-resources-of-texas-inc/130351
130364,"CAPITAL EQUITY OIL & GAS, INC.","Wichita Falls, TX 76307",https://www.texas-drilling.com/operators/capital-equity-oil-gas-inc/130364
130750,CARAVELLE INC.,"Dallas, TX 75225",https://www.texas-drilling.com/operators/caravelle-inc/130750
130787,"CARBURANTE EXPLORATION CO, LTD.","Granbury, TX 76048",https://www.texas-drilling.com/operators/carburante-exploration-co-ltd/130787
131410,"CAREY, R. R. JR.","Graham, TX 76450",https://www.texas-drilling.com/operators/carey-r-r-jr/131410
132339,CARLORAN PRODUCTION CORP,"Windthorst, TX 76389",https://www.texas-drilling.com/operators/carloran-production-corp/132339
135401,"CARRIZO OIL & GAS, INC.","Houston, TX 77002",https://www.texas-drilling.com/operators/carrizo-oil-gas-inc/135401
136026,CARRY OIL CO.,"Wichita Falls, TX 76310",https://www.texas-drilling.com/operators/carry-oil-co/136026
136060,"CARSON PETROLEUM, INC.","Wichita Falls, TX 76307",https://www.texas-drilling.com/operators/carson-petroleum-inc/136060
138885,CASADOR OIL & GAS CO.,"Keller, TX 76248",https://www.texas-drilling.com/operators/casador-oil-gas-co/138885
139105,CASE OIL,"Burkburnett, TX 76354",https://www.texas-drilling.com/operators/case-oil/139105
139165,"CASE, C. W.","Wichita Falls, TX 76308",https://www.texas-drilling.com/operators/case-c-w/139165
139606,CASSITY COMPANY,"Wichita Falls, TX 76309",https://www.texas-drilling.com/operators/cassity-company/139606
139605,"CASTEEL, DON","Graham, TX 76450",https://www.texas-drilling.com/operators/casteel-don/139605
139996,"CATLIN, RANDY","Iowa Park, TX 76367",https://www.texas-drilling.com/operators/catlin-randy/139996
140582,CAYCE ENTERPRISES,"Fort Worth, TX 76109",https://www.texas-drilling.com/operators/cayce-enterprises/140582
140539,CBECK OPERATING,"Wichita Falls, TX 76302",https://www.texas-drilling.com/operators/cbeck-operating/140539
120043,CD CONSULTING & OPERATING CO.,"Bridgeport, TX 76426",https://www.texas-drilling.com/operators/cd-consulting-operating-co/120043
140712,CEGX OF TEXAS LLC,"Eastland, TX 76448",https://www.texas-drilling.com/operators/cegx-of-texas-llc/140712
141835,"CENTURY RESOURCES, INC.","Houston, TX 77056",https://www.texas-drilling.com/operators/century-resources-inc/141835
144179,CHAN WEST OIL CORPORATION,"Irving, TX 75016",https://www.texas-drilling.com/operators/chan-west-oil-corporation/144179
144170,"CHANCE OIL CO., INC.","Vernon, TX 76385",https://www.texas-drilling.com/operators/chance-oil-co-inc/144170
144574,"CHAPARRAL OIL & GAS, INC.","Lubbock, TX 79407",https://www.texas-drilling.com/operators/chaparral-oil-gas-inc/144574
144625,"CHAPMAN EXPLORATION, INC.","Tulsa, OK 74136",https://www.texas-drilling.com/operators/chapman-exploration-inc/144625
170058,COMRADE OIL & GAS MGMT. CO.,"Fort Worth, TX 76137",https://www.texas-drilling.com/operators/comrade-oil-gas-mgmt-co/170058
170037,"COMSTOCK ENERGY, LLC","Wichita Falls, TX 76301",https://www.texas-drilling.com/operators/comstock-energy-llc/170037
170353,CONCORD OPERATING INCORPORATED,"Horseshoe Bay, TX 78657",https://www.texas-drilling.com/operators/concord-operating-incorporated/170353
170447,"CONDOR OIL CO., INC.","Simi Valley, CA 93063",https://www.texas-drilling.com/operators/condor-oil-co-inc/170447
172231,CONOCO PIPE LINE COMPANY,"Wichita Falls, TX 76304",https://www.texas-drilling.com/operators/conoco-pipe-line-company/172231
172240,CONOCOPHILLIPS PIPE LINE COMPANY,"Houston, TX 77079",https://www.texas-drilling.com/operators/conocophillips-pipe-line-company/172240
172683,CONSOLIDATED ENERGY GROUP,"Graham, TX 76450",https://www.texas-drilling.com/operators/consolidated-energy-group/172683
173785,"CONTINENTAL U S EXPLORATION, INC","Dallas, TX 75220",https://www.texas-drilling.com/operators/continental-u-s-exploration-inc/173785
173780,"CONTINENTAL U.S. DRILLING, INC.","Dallas, TX 75240",https://www.texas-drilling.com/operators/continental-u-s-drilling-inc/173780
174326,"COOK, D. L.","Holliday, TX 76366",https://www.texas-drilling.com/operators/cook-d-l/174326
175111,"COOPER OIL & GAS, INC.","Fort Worth, TX 76102",https://www.texas-drilling.com/operators/cooper-oil-gas-inc/175111
175118,"COOPER OIL & GAS, LLC","Fort Worth, TX 76102",https://www.texas-drilling.com/operators/cooper-oil-gas-llc/175118
175106,COOPER OPERATING,"Olney, TX 76374",https://www.texas-drilling.com/operators/cooper-operating/175106
175350,"COOPER, JACKIE","Throckmorton, TX 76483",https://www.texas-drilling.com/operators/cooper-jackie/175350
177997,CORDA CORPORATION,"Wichita Falls, TX 76302",https://www.texas-drilling.com/operators/corda-corporation/177997
179915,"CORTEZ OIL, INC.","Wichita Falls, TX 76308",https://www.texas-drilling.com/operators/cortez-oil-inc/179915
182075,COTTONWOOD PETROLEUM CO.,"Abilene, TX 79603",https://www.texas-drilling.com/operators/cottonwood-petroleum-co/182075
182555,"COUGAR ENERGY DEVELOPMENT, INC.","Dallas, TX 75205",https://www.texas-drilling.com/operators/cougar-energy-development-inc/182555
182590,COUGAR ROYALTY CORPORATION,"Dallas, TX 75206",https://www.texas-drilling.com/operators/cougar-royalty-corporation/182590
182789,COVENANT OIL COMPANY,"Houma, LA 70360",https://www.texas-drilling.com/operators/covenant-oil-company/182789
183590,"COX & SON, INC.","Wichita Falls, TX 76307",https://www.texas-drilling.com/operators/cox-son-inc/183590
186130,COX OPERATING CO.,"Wichita Falls, TX 76310",https://www.texas-drilling.com/operators/cox-operating-co/186130
185700,"COX, H. L.","Wichita Falls, TX 76307",https://www.texas-drilling.com/operators/cox-h-l/185700
186255,"COX, WESLEY","Olney, TX 76374",https://www.texas-drilling.com/operators/cox-wesley/186255
186363,"CRAFT RESOURCES, INC.","Weston, TX 75097",https://www.texas-drilling.com/operators/craft-resources-inc/186363
186450,"CRAIG, BOB","Olney, TX 76374",https://www.texas-drilling.com/operators/craig-bob/186450
186455,"CRAIG, CARL","Olney, TX 76374",https://www.texas-drilling.com/operators/craig-carl/186455
186586,"CRAIG, ROBERT A.","Olney, TX 76374",https://www.texas-drilling.com/operators/craig-robert-a/186586
186660,"CRAMPTON, FREDDIE","Holliday, TX 76366",https://www.texas-drilling.com/operators/crampton-freddie/186660
189175,"CRENSHAW, K. M.","Wichita Falls, TX 76308",https://www.texas-drilling.com/operators/crenshaw-k-m/189175
189925,"CRESWELL, ALVIN L.","Graham, TX 76450",https://www.texas-drilling.com/operators/creswell-alvin-l/189925
189952,"CRESWELL, CHRIS","Graham, TX 76450",https://www.texas-drilling.com/operators/creswell-chris/189952
190040,"CRISWELL, D. R.","Wichita Falls, TX 76305",https://www.texas-drilling.com/operators/criswell-d-r/190040
190065,CROCKER OIL COMPANY,"Windthorst, TX 76389",https://www.texas-drilling.com/operators/crocker-oil-company/190065
190161,"CROKER, DANNY","Wichita Falls, TX 76302",https://www.texas-drilling.com/operators/croker-danny/190161
190471,"CROSS TIMBERS PETROLEUM, INC.","Arlington, TX 76013",https://www.texas-drilling.com/operators/cross-timbers-petroleum-inc/190471
190700,"CROSTHWAIT, ARLON","Olney, TX 76374",https://www.texas-drilling.com/operators/crosthwait-arlon/190700
190701,"CROSTHWAIT, ARLON & TONY","Granbury, TX 76048",https://www.texas-drilling.com/operators/crosthwait-arlon-tony/190701
191592,"CRUDE VENTURES, LLC","Windthorst, TX 76389",https://www.texas-drilling.com/operators/crude-ventures-llc/191592
191639,"CRUMPTON, WAYNE L.","Graham, TX 76450",https://www.texas-drilling.com/operators/crumpton-wayne-l/191639
191642,CRUTCHER & O'DONOHOE,"Wichita Falls, TX 76301",https://www.texas-drilling.com/operators/crutcher-o-donohoe/191642
191636,CRUTCHER OIL PROPERTIES,"Wichita Falls, TX 76301",https://www.texas-drilling.com/operators/crutcher-oil-properties/191636
191634,"CRUTCHER, DAVID F.","Wichita Falls, TX 76301",https://www.texas-drilling.com/operators/crutcher-david-f/191634
191610,"CRUTCHER, DAVID F. INC.","Wichita Falls, TX 76301",https://www.texas-drilling.com/operators/crutcher-david-f-inc/191610
191648,CRUTCHER-HILBERS,"Archer City, TX 76351",https://www.texas-drilling.com/operators/crutcher-hilbers/191648
191808,CSO CONSULTING,"Bridgeport, TX 76426",https://www.texas-drilling.com/operators/cso-consulting/191808
191911,"CUBA, JOHN H.","Olney, TX 76374",https://www.texas-drilling.com/operators/cuba-john-h/191911
194204,"CUMMING COMPANY, INC. THE","Fort Worth, TX 76116",https://www.texas-drilling.com/operators/cumming-company-inc-the/194204
195793,"CVS OPERATING, LLC.","Plano, TX 75074",https://www.texas-drilling.com/operators/cvs-operating-llc/195793
195803,CWA WELL SERVICES,"Decatur, TX 76234",https://www.texas-drilling.com/operators/cwa-well-services/195803
243377,EDISON CEMENT CORP.,"San Antonio, TX 78258",https://www.texas-drilling.com/operators/edison-cement-corp/243377
244350,"EDWARDS, E.D.","Wichita Falls, TX 76301",https://www.texas-drilling.com/operators/edwards-e-d/244350
245641,EFFICIENCY OPERATING COMPANY,"Wichita Falls, TX 76307",https://www.texas-drilling.com/operators/efficiency-operating-company/245641
245644,EFFICIENCY OPERATING SERVICE,"Wichita Falls, TX 76307",https://www.texas-drilling.com/operators/efficiency-operating-service/245644
245677,EGBERT OIL OPERATIONS,"Hutchinson, KS 67504",https://www.texas-drilling.com/operators/egbert-oil-operations/245677
247540,"ELDORADO OIL AND GAS, INC.","Dallas, TX 75230",https://www.texas-drilling.com/operators/eldorado-oil-and-gas-inc/247540
247550,"ELDRIDGE, E & B","Iowa Park, TX 76367",https://www.texas-drilling.com/operators/eldridge-e-b/247550
247714,"ELEPHANT OIL & GAS, LLC","Dallas, TX 75204",https://www.texas-drilling.com/operators/elephant-oil-gas-llc/247714
248580,"ELLIS, AMON","Olney, TX 76374",https://www.texas-drilling.com/operators/ellis-amon/248580
248855,"ELLIS, KEN OIL CO.","Wichita Falls, TX 76308",https://www.texas-drilling.com/operators/ellis-ken-oil-co/248855
250725,ELWOOD COMPANY,"Los Angeles, CA 90009",https://www.texas-drilling.com/operators/elwood-company/250725
250850,EMBASSY OIL COMPANY,"Highland VLG, TX 75077",https://www.texas-drilling.com/operators/embassy-oil-company/250850
251305,EMORY OPERATING,"Wichita Falls, TX 76301",https://www.texas-drilling.com/operators/emory-operating/251305
291524,"ENERGEX OPERATING, INC.","Dallas, TX 75214",https://www.texas-drilling.com/operators/energex-operating-inc/291524
252018,"ENERGY GROUP OF AMERICA, INC.","Hollister, MO 65672",https://www.texas-drilling.com/operators/energy-group-of-america-inc/252018
252085,"ENERGYPRO, INC.","Magnolia, TX 77354",https://www.texas-drilling.com/operators/energypro-inc/252085
252120,"ENEXCO U.S.A., LTD.","Dallas, TX 75219",https://www.texas-drilling.com/operators/enexco-u-s-a-ltd/252120
252045,"ENEXCO, INC.","Dallas, TX 75243",https://www.texas-drilling.com/operators/enexco-inc/252045
252065,ENGAS CORPORATION,"Jacksboro, TX 76458",https://www.texas-drilling.com/operators/engas-corporation/252065
252765,ENLOE OIL COMPANY,"Olney, TX 76374",https://www.texas-drilling.com/operators/enloe-oil-company/252765
253075,"ENR OPERATING, LLC","Eunice, NM 88231",https://www.texas-drilling.com/operators/enr-operating-llc/253075
253210,"ENSERCH EXPLORATION, INC","Dallas, TX 75206",https://www.texas-drilling.com/operators/enserch-exploration-inc/253210
253218,ENTERPRISE ENERGY CORPORATION,"Cambridge, OH 43725",https://www.texas-drilling.com/operators/enterprise-energy-corporation/253218
253368,ENTERPRISE PRODUCTS OPERATINGLLC,"Houston, TX 77210",https://www.texas-drilling.com/operators/enterprise-products-operatingllc/253368
253162,"EOG RESOURCES, INC.","Midland, TX 79702",https://www.texas-drilling.com/operators/eog-resources-inc/253162
253129,"EOI EAGLE OPERATING, INC.","Graham, TX 76450",https://www.texas-drilling.com/operators/eoi-eagle-operating-inc/253129
253312,EQUILON PIPELINE CO LLC,"Houston, TX 77002",https://www.texas-drilling.com/operators/equilon-pipeline-co-llc/253312
253317,"EQUITABLE ENERGY, INC. (I)","Wichita Falls, TX 76308",https://www.texas-drilling.com/operators/equitable-energy-inc-i/253317
253336,ERATZ INVESTMENTS INC.,"Dallas, TX 75240",https://www.texas-drilling.com/operators/eratz-investments-inc/253336
253358,"ERICKSEN, W.R.","Hobbs, NM 88240",https://www.texas-drilling.com/operators/ericksen-w-r/253358
253386,ERIN SOUTHWESTERN OIL INC.,"Wichita Falls, TX 76301",https://www.texas-drilling.com/operators/erin-southwestern-oil-inc/253386
254441,"ESTACADO ENERGY, LLC","Iowa Park, TX 76367",https://www.texas-drilling.com/operators/estacado-energy-llc/254441
254453,ESTATE OF C.B. CHRISTIE JR,"Wichita Falls, TX 76308",https://www.texas-drilling.com/operators/estate-of-c-b-christie-jr/254453
256210,"EVANS, THOMAS DALE","Iowa Park, TX 76367",https://www.texas-drilling.com/operators/evans-thomas-dale/256210
256446,"EVC OPERATING, LLC","McKinney, TX 75069",https://www.texas-drilling.com/operators/evc-operating-llc/256446
256985,"EXLCO, INC.","Wichita Falls, TX 76308",https://www.texas-drilling.com/operators/exlco-inc/256985
257010,EXPANDO OIL COMPANY,"Wichita Falls, TX 76307",https://www.texas-drilling.com/operators/expando-oil-company/257010
257020,EXPANDO PRODUCTION COMPANY,"Wichita Falls, TX 76307",https://www.texas-drilling.com/operators/expando-production-company/257020
257027,"EXPLO OIL, INC.","Dallas, TX 75251",https://www.texas-drilling.com/operators/explo-oil-inc/257027
257082,"EXPRO ENGINEERING, INC.","Fort Worth, TX 76179",https://www.texas-drilling.com/operators/expro-engineering-inc/257082
257062,EXTEX OPERATING COMPANY,"Houston, TX 77057",https://www.texas-drilling.com/operators/extex-operating-company/257062
100627,F&H Operating Company LLC,"Wichita Falls, TX 76308",https://www.texas-drilling.com/operators/f-h-operating-company-llc/100627
257250,F. H. B. COMPANY,"Holliday, TX 76366",https://www.texas-drilling.com/operators/f-h-b-company/257250
257680,FAGADAU ENERGY CORPORATION,"Dallas, TX 75206",https://www.texas-drilling.com/operators/fagadau-energy-corporation/257680
258400,FAIR OIL COMPANY,"Tyler, TX 75710",https://www.texas-drilling.com/operators/fair-oil-company/258400
258401,"FAIR OIL, LC","Tyler, TX 75710",https://www.texas-drilling.com/operators/fair-oil-lc/258401
258410,"FAIR OIL, LTD.","Tyler, TX 75710",https://www.texas-drilling.com/operators/fair-oil-ltd/258410
257745,"FAIRCO OIL & GAS, INC.","Stephenville, TX 76401",https://www.texas-drilling.com/operators/fairco-oil-gas-inc/257745
261224,FALLS OPERATING COMPANY,"Wichita Falls, TX 76301",https://www.texas-drilling.com/operators/falls-operating-company/261224
261278,"FAMILY OILFIELD INVESTMENTS,LTD","Holliday, TX 76366",https://www.texas-drilling.com/operators/family-oilfield-investments-ltd/261278
342770,HAIGOOD & CAMPBELL,"Archer City, TX 76351",https://www.texas-drilling.com/operators/haigood-campbell/342770
345175,HALE OIL & GAS PROPERTIES,"Graham, TX 76450",https://www.texas-drilling.com/operators/hale-oil-gas-properties/345175
345320,HALE SUPPLY COMPANY,"Wichita Falls, TX 76308",https://www.texas-drilling.com/operators/hale-supply-company/345320
345173,"HALE, W. D.","Graham, TX 76450",https://www.texas-drilling.com/operators/hale-w-d/345173
348565,HAMILTON ENERGY INC,"Lubbock, TX 79401",https://www.texas-drilling.com/operators/hamilton-energy-inc/348565
350675,HAMMON PROPERTIES,"Wichita Falls, TX 76307",https://www.texas-drilling.com/operators/hammon-properties/350675
350797,"HAMMOND, DURWOOD","Wichita Falls, TX 76301",https://www.texas-drilling.com/operators/hammond-durwood/350797
353875,"HANACO, LLC","Holliday, TX 76366",https://www.texas-drilling.com/operators/hanaco-llc/353875
353526,HANCOCK OIL PROPERTIES LP.,"Wichita Falls, TX 76308",https://www.texas-drilling.com/operators/hancock-oil-properties-lp/353526
353950,"HANEY, JUNIOR","Bowie, TX 76230",https://www.texas-drilling.com/operators/haney-junior/353950
353975,"HANEY, MILTON","Holliday, TX 76366",https://www.texas-drilling.com/operators/haney-milton/353975
354310,"HANKINS, C.","Euless, TX 76039",https://www.texas-drilling.com/operators/hankins-c/354310
354965,"HANNIS OPERATING, LLC","Olney, TX 76374",https://www.texas-drilling.com/operators/hannis-operating-llc/354965
355344,"HANSON, C. M. & LASATER, BEN","Olney, TX 76374",https://www.texas-drilling.com/operators/hanson-c-m-lasater-ben/355344
355585,"HANVEY, DON H.","Richardson, TX 75080",https://www.texas-drilling.com/operators/hanvey-don-h/355585
355728,"HARCO ENERGY, INC.","Fort Worth, TX 76108",https://www.texas-drilling.com/operators/harco-energy-inc/355728
356779,"HARDROCK OPERATING COMPANY, INC.","Fort Worth, TX 76161",https://www.texas-drilling.com/operators/hardrock-operating-company-inc/356779
357095,"HARKEN OIL & GAS, INC","Dallas, TX 75261",https://www.texas-drilling.com/operators/harken-oil-gas-inc/357095
101359,Harmel and Shawver Oil LLC,"Wichita Falls, TX 76310",https://www.texas-drilling.com/operators/harmel-and-shawver-oil-llc/101359
357408,"HARMEL OIL, INC.","Wichita Falls, TX 76302",https://www.texas-drilling.com/operators/harmel-oil-inc/357408
357410,HARMEL-SCHAAF,"Wichita Falls, TX 76308",https://www.texas-drilling.com/operators/harmel-schaaf/357410
357850,HARPER & HUNT,"Dallas, TX 75206",https://www.texas-drilling.com/operators/harper-hunt/357850
360083,"HARRIS OIL & GAS, INC. (A)","Fort Worth, TX 76108",https://www.texas-drilling.com/operators/harris-oil-gas-inc-a/360083
359565,"HARRIS, ALFRED H. JR.","Wichita Falls, TX 76309",https://www.texas-drilling.com/operators/harris-alfred-h-jr/359565
360915,"HARRISON, GEORGE OIL PROP., INC.","Shreveport, LA 71101",https://www.texas-drilling.com/operators/harrison-george-oil-prop-inc/360915
363970,"HARVEY, JAMES W.","Wichita Falls, TX 76301",https://www.texas-drilling.com/operators/harvey-james-w/363970
365925,"HASTINGS, J. W. OIL CO.","Wichita Falls, TX 76301",https://www.texas-drilling.com/operators/hastings-j-w-oil-co/365925
365926,"HASTINGS, J.W. OIL COMPANY, INC.","Dallas, TX 75240",https://www.texas-drilling.com/operators/hastings-j-w-oil-company-inc/365926
366052,"HAT OIL & GAS, INC.","Slaton, TX 79364",https://www.texas-drilling.com/operators/hat-oil-gas-inc/366052
366080,HATCHER & ARTHUR PRODUCTION,"Wichita Falls, TX 76302",https://www.texas-drilling.com/operators/hatcher-arthur-production/366080
366120,"HATCHER, RAY","Burkburnett, TX 76354",https://www.texas-drilling.com/operators/hatcher-ray/366120
367385,HAWKINS OIL CO.,"Wichita Falls, TX 76308",https://www.texas-drilling.com/operators/hawkins-oil-co/367385
366830,"HAWKINS, G. A.","Graham, TX 76450",https://www.texas-drilling.com/operators/hawkins-g-a/366830
369005,HAYNES & SHIRLEY DRLG CO,"Electra, TX 76360",https://www.texas-drilling.com/operators/haynes-shirley-drlg-co/369005
369008,HAYNES & SHIRLEY PRODUCTION CO.,"Iowa Park, TX 76367",https://www.texas-drilling.com/operators/haynes-shirley-production-co/369008
369069,HAYS & BOYDSTON,"Graham, TX 76450",https://www.texas-drilling.com/operators/hays-boydston/369069
369108,HAYS & CROKER PARTNERSHIP,"Olney, TX 76374",https://www.texas-drilling.com/operators/hays-croker-partnership/369108
369057,HAYS PARTNERSHIP,"Graham, TX 76450",https://www.texas-drilling.com/operators/hays-partnership/369057
369073,"HAYS, DAVID H.","Olney, TX 76374",https://www.texas-drilling.com/operators/hays-david-h/369073
369100,"HAYS, JOHN H.","Graham, TX 76450",https://www.texas-drilling.com/operators/hays-john-h/369100
370563,"HEATH, JAMES G.","Dallas, TX 75214",https://www.texas-drilling.com/operators/heath-james-g/370563
371450,"HEDGES, C. T.","Olney, TX 76374",https://www.texas-drilling.com/operators/hedges-c-t/371450
373920,"HELMCAMP, INC.","Wichita Falls, TX 76307",https://www.texas-drilling.com/operators/helmcamp-inc/373920
373924,HELMER ENERGY,"Tyler, TX 75703",https://www.texas-drilling.com/operators/helmer-energy/373924
373922,HELMER ENERGY & STANTON ENGR.,"Tyler, TX 75702",https://www.texas-drilling.com/operators/helmer-energy-stanton-engr/373922
374345,"HELMS EXPLORATION, INC.","Oklahoma City, OK 73120",https://www.texas-drilling.com/operators/helms-exploration-inc/374345
374555,HELTON ENTERPRISES,"Olney, TX 76374",https://www.texas-drilling.com/operators/helton-enterprises/374555
376800,HENDERSON & ERICKSON,"Midland, TX 79701",https://www.texas-drilling.com/operators/henderson-erickson/376800
375500,HENDERSON DRILLING COMPANY,"Iowa Park, TX 76367",https://www.texas-drilling.com/operators/henderson-drilling-company/375500
377110,"HENDERSON, SAM W.","Iowa Park, TX 76367",https://www.texas-drilling.com/operators/henderson-sam-w/377110
